3 4 2 2
1 2 -5 -50
0 0 -1 -1
-50 0 5 2
3 4 1 1
1 2 -5 -50
0 0 -1 -1
-50 0 5 2
3 3 0 9
-1 -1 -1
-1 -1 -1
-1 -1 -1
10 10 20 20
-34 -27 -13 -1 11 93 15 54 14 47
40 45 -60 42 31 95 -36 -15 75 -55
-71 32 -86 -3 71 -6 33 -69 -52 -32
-57 -46 -70 -4 -48 88 -12 66 28 -27
1 -84 -33 33 -44 -77 -42 -72 68 89
79 -58 82 95 -39 32 -74 -67 91 -8
-5 -64 16 -33 3 62 -24 -71 -33 24
55 -89 -18 -95 37 7 2 87 22 -18
-36 93 81 15 40 -89 -57 10 21 -57
-15 -35 -29 33 34 -59 -60 53 66 -6
25 25 50 50
-71 -73 76 44 -83 -3 -55 -74 -87 -53 75 59 -13 -87 -67 -84 52 92 -42 63 13 17 91 -67 13
-78 -7 -46 -44 -77 -98 -13 15 -39 -43 76 -25 -8 9 59 -52 25 32 35 -33 -84 -29 46 33 -90
-79 62 33 27 -80 3 2 -79 -62 -31 -86 -64 92 99 -12 70 -35 84 10 -16 28 -93 -14 67 -49
-4 0 51 -65 66 24 -16 -38 -65 93 -92 17 34 -41 79 23 22 34 -92 -40 67 42 94 -61 -96
-58 39 -99 45 49 96 -100 -32 53 76 73 -13 -40 65 30 -9 -60 -74 11 28 -73 -14 -61 74 -17
-7 -85 32 53 43 22 0 58 -44 13 -48 -54 -90 51 46 -46 -37 36 -66 -45 29 21 32 -10 74
65 -35 12 41 -33 41 82 -79 73 69 91 -11 70 57 82 -94 -45 33 48 59 61 14 -66 93 -9
-26 -20 -89 -48 -4 -22 -59 32 51 79 12 -2 -69 23 -87 -40 13 -85 67 -52 -14 -67 60 39 -11
-20 64 -6 82 -7 -69 -37 82 44 23 4 68 -20 17 -70 8 43 -4 -71 -31 8 -70 89 79 -48
36 -59 -4 19 -50 9 -59 -27 43 45 -63 -62 90 -18 -27 -74 -96 -68 -90 -100 -43 -12 -85 -76 42
-98 15 54 -56 78 66 50 59 1 41 47 -77 -93 -39 25 18 3 -26 -36 32 89 73 -28 4 11
-12 7 -82 64 20 10 -70 50 -44 -4 -16 -84 -90 -67 -49 58 44 96 -56 -3 8 12 -57 -10 21
16 -42 -47 -22 -11 71 -23 -24 -55 -29 22 81 -17 -40 -29 -10 81 81 38 -3 85 78 75 -73 -3
23 -8 77 -83 19 0 -65 -52 73 91 0 -2 -96 56 -86 -92 -97 5 -31 74 44 -90 12 87 -28
43 -82 99 -59 71 -92 -37 26 75 -18 -60 -56 -26 56 47 15 -32 -26 -45 23 -38 92 24 -78 31
89 -71 -11 1 58 53 -9 -79 85 69 49 81 19 -27 -22 22 13 41 -98 -22 49 -13 19 -41 54
6 15 -63 17 -60 -3 -50 -28 60 -99 -44 4 -84 15 1 71 -12 -95 -68 57 25 57 20 69 -58
98 -10 75 -44 82 59 38 31 -100 15 34 -99 -17 28 -57 -92 89 90 -53 -34 -17 58 14 -73 14
-96 -65 -4 61 93 61 -19 -65 75 -89 6 -61 -44 -43 57 22 -22 83 45 98 -40 32 64 61 -3
95 11 -87 20 36 81 -68 -21 90 -72 -53 27 98 -87 5 4 70 -37 -48 -61 -84 57 -81 78 42
56 -46 -22 88 73 17 -34 62 78 26 77 -66 28 85 -55 -8 -53 95 4 82 72 -29 -74 -62 -72
-81 18 8 -43 -12 30 95 -48 51 14 75 87 26 -91 19 5 72 -8 -76 32 20 -16 -4 17 -77
44 22 -16 34 -56 -26 -52 10 -77 67 98 -5 -64 -11 -36 -82 -22 -61 -14 41 2 93 -58 5 86
39 0 25 10 43 -87 -64 12 -34 -66 86 -8 -78 86 78 -40 74 -89 -43 -92 62 94 -27 -97 31
57 24 72 -42 11 9 14 -69 -2 -80 -61 -65 -69 41 43 -68 94 -19 -40 -90 6 -71 -86 -19 -60
50 50 100 100
-96 14 90 -88 91 -50 -11 1 33 7 -52 21 -47 -58 9 -57 75 73 -51 -25 -2 -19 -5 46 40 -91 -69 58 -25 -93 -68 32 -48 57 -88 -37 -86 12 -52 -22 -85 71 80 -19 -51 57 -37 -62 -91 -94
85 32 -11 79 -35 71 3 62 78 -80 -90 -54 -28 -44 53 19 -21 93 65 78 1 -88 45 -37 -21 79 -64 -84 76 -50 12 -39 -61 -6 50 29 75 10 -85 94 -45 96 50 -48 -38 2 4 -62 -88 5
-74 94 9 -65 10 -59 97 38 -23 -51 23 13 5 -66 24 36 43 95 55 -39 -55 -39 3 64 56 -14 -73 6 -90 3 60 -29 -52 68 -73 -36 36 -38 99 -31 -31 71 50 -85 43 -64 64 -77 31 -70
-33 93 -81 88 -64 -36 6 -88 75 -79 32 21 44 -3 71 -24 48 -14 -53 -62 41 21 -43 33 91 -53 -97 -38 -23 -95 -69 -89 61 26 -76 -60 -5 54 -10 -78 -23 -61 43 -47 1 72 24 -62 86 -71
78 21 -46 74 -75 -34 -51 15 -62 80 68 6 4 -44 15 37 -96 -83 -42 -56 30 -21 -91 14 16 18 50 -17 71 70 63 -76 -78 -19 -43 48 -39 88 -69 -43 -4 48 57 -22 -60 -23 25 -90 62 -14
53 69 -24 -28 -1 15 -81 90 -89 26 56 -40 -28 2 6 93 -18 -64 97 -34 -6 -15 -73 50 15 -29 -72 -35 5 -77 24 -14 -21 50 61 -100 -25 32 -29 -37 -10 -12 66 -75 55 -75 36 13 35 48
-13 -74 5 44 87 -52 46 -12 7 23 -99 29 45 26 -30 24 -25 -60 -29 -25 -42 -43 32 -27 -89 -85 79 -5 92 -93 35 74 -65 -67 70 34 -67 82 83 -39 -45 -51 47 -1 -42 -53 -44 -87 -47 -35
66 71 -25 -14 -91 10 85 32 -50 82 76 43 -13 -38 -81 -3 21 74 3 30 46 -91 -50 16 -20 -43 33 -88 8 -70 31 -79 13 -43 -86 -20 34 -13 -45 -81 -17 49 0 -46 -7 -5 -22 31 46 72
-72 -35 62 90 -61 60 65 20 13 -14 58 -67 -37 -31 96 96 -91 -52 -33 65 21 30 80 -56 31 50 11 -19 -95 6 46 -47 37 -66 -85 99 65 -4 70 -12 77 50 -51 -97 -22 62 76 1 89 63
57 -100 -42 -91 55 -17 75 40 24 14 -25 33 -43 13 -74 -26 -45 -52 10 51 82 82 -83 -8 -15 -76 -22 6 37 -78 -54 89 90 4 -46 31 84 -41 -68 50 -55 38 97 53 42 -14 -92 -90 -73 19
-86 49 -3 -73 -48 87 98 83 -65 68 29 -1 -38 -33 -14 -57 44 -23 11 74 87 -3 -58 -35 -13 -41 -22 31 54 26 68 -71 -64 -14 -81 -35 88 -7 -12 -13 82 -9 24 11 21 -80 9 -91 91 10
0 99 4 -16 84 74 -16 -59 -36 28 59 -49 51 39 -67 -12 -70 76 18 -70 43 36 14 -26 62 -6 -98 -76 89 -60 -16 -29 -82 48 7 -85 -8 53 25 31 96 -82 51 98 -28 32 -61 -44 76 -46
26 -93 53 14 -66 47 1 -13 -49 54 -78 -22 -31 -3 -74 -23 -38 62 16 79 26 10 39 -33 61 -52 -31 -11 -57 24 58 25 -92 80 -11 44 -15 75 -3 81 -51 73 -12 -52 -35 51 42 -75 32 90
87 -24 -27 -62 66 -46 -6 -77 -27 62 -55 55 85 -59 -73 -71 14 68 40 18 -19 74 51 -94 29 30 -9 77 18 -20 -73 -18 65 -69 97 -4 -33 84 52 -19 -11 -56 -80 -24 -80 -48 -74 -37 91 -25
20 -75 -49 -58 81 15 73 -25 50 -9 -79 -45 21 34 -18 96 -29 30 31 -94 99 0 90 -42 62 -87 53 30 -67 21 -26 -40 52 31 -4 94 -83 8 7 90 50 41 -25 -19 -44 97 -26 38 59 -78
-89 -45 90 -52 28 65 20 -1 -60 -61 75 -16 92 -92 10 -41 -38 61 27 57 22 -17 -36 12 -44 61 -25 -60 -56 63 -44 -81 -89 13 95 -77 85 -55 -86 43 26 -41 -7 -88 52 51 -46 -87 69 -14
44 -44 83 -63 -5 -8 -41 -61 -97 -58 97 51 -94 28 83 84 -7 74 -33 11 -2 15 76 -68 -50 66 91 -36 87 -75 42 26 86 56 2 -92 6 -36 67 -30 72 0 85 54 -46 54 73 -39 -32 58
87 29 -22 39 52 57 -88 44 61 -30 -21 49 54 47 9 84 99 93 92 -6 -65 -76 88 -32 -99 -87 39 57 -27 6 63 6 -58 12 -96 -32 -19 -99 85 52 -58 44 92 82 54 42 36 -4 -18 -93
-1 -7 -43 -53 -87 31 -43 -24 -21 -53 -17 -25 -84 -29 65 -32 3 -12 -96 69 33 -93 77 -63 -3 85 43 -39 -14 -51 -96 -23 -34 -85 -28 -14 59 55 62 71 -52 -64 63 -70 -68 70 -100 55 40 -70
-84 70 1 -86 -93 -76 -92 -59 37 -9 1 -6 -68 -84 50 -49 92 -38 97 -37 -86 87 -55 -50 -27 -13 51 -52 -51 83 17 34 -62 13 98 67 -76 66 99 -95 5 -94 78 -92 76 39 -91 -87 79 -89
-22 71 -52 3 -43 -72 71 0 -78 75 -64 3 21 -79 -18 -86 34 21 -68 11 80 -48 13 -16 57 -97 -1 17 45 -21 61 -67 18 53 -39 85 -8 68 -88 -45 52 -62 -41 52 45 -35 -92 -3 59 2
-61 35 -96 -13 4 21 -80 82 2 36 -66 58 21 -53 -31 -77 -70 17 -75 -97 -73 42 5 -12 10 17 66 31 9 8 -66 -93 24 76 -71 -54 -80 37 -70 96 -54 -88 14 -48 -81 -26 -78 -34 34 -88
-94 -21 81 78 -43 -9 47 49 41 85 14 -66 -3 -88 -64 61 9 90 41 -62 -2 28 46 -71 -81 -75 -16 23 -78 1 94 84 63 35 25 -22 86 -43 30 25 -34 -40 -79 -69 31 87 52 75 61 -45
-3 23 0 59 -47 58 -86 -3 -66 -19 80 -19 -79 3 38 -38 -90 -81 -35 -12 99 -46 -66 58 47 60 53 82 67 50 -94 35 -52 50 -9 -6 33 91 -45 65 -73 5 3 35 -88 -8 38 -32 63 52
-87 -66 46 57 30 18 -53 69 -52 20 -64 79 -25 61 22 -20 -64 45 -86 -37 -49 -20 -4 53 4 -4 44 76 -30 32 7 -34 21 -54 6 72 67 -97 39 84 -35 -11 -88 -78 -54 50 -60 -30 -82 -2
-21 70 3 -45 96 -97 51 -67 75 17 21 -19 44 -54 74 -65 1 -75 -62 -33 89 51 -100 74 16 55 31 32 -27 11 43 -86 -55 -90 79 5 11 -71 -54 -5 -29 -86 51 -25 18 -56 -30 68 52 20
6 43 61 -3 -44 55 55 48 -100 -24 74 -9 -32 9 -85 -90 41 33 44 9 -2 68 35 91 -59 -82 -25 -54 48 99 -32 -12 47 -13 96 81 -83 97 -38 -11 27 10 -84 31 98 -47 -45 51 43 26
-91 -77 23 0 57 36 -28 15 -67 -95 36 -63 16 57 48 -78 -72 -91 -90 68 91 -45 -52 54 34 98 -52 -83 -56 -55 -83 -13 -57 84 -63 -9 94 -78 -98 -63 99 58 -9 -81 -36 6 -87 -18 43 -56
97 4 79 -50 18 72 78 -99 -83 -9 -49 -85 98 -8 -44 59 22 -12 -39 21 -69 -4 64 0 -32 -52 85 -79 -60 97 73 8 57 -36 -57 32 23 15 54 -41 -82 24 -93 -27 37 31 60 -91 -4 67
30 -58 75 -80 46 98 -99 75 88 -77 -96 -88 25 -21 -16 44 10 -72 -15 -26 83 -31 -52 -69 -11 -61 -83 -12 -77 -83 -32 -78 83 57 -16 -10 -70 -89 24 15 90 74 -65 20 -50 85 -40 49 -2 52
82 -47 -69 -86 78 -1 -83 34 88 1 53 41 -59 -8 36 84 -70 -82 21 62 94 83 71 -83 -73 -82 -50 -1 75 -54 17 -93 16 91 67 32 26 23 84 -10 52 -27 -56 17 76 22 -44 -90 88 -2
10 66 92 82 61 62 35 -61 -69 -88 -15 -24 31 25 -98 -41 -53 52 95 45 55 42 86 -94 3 -55 -19 95 -15 -19 -17 -16 21 -94 33 -44 -74 -78 -54 -55 -9 -99 65 -85 31 -41 10 61 85 13
-65 78 40 63 -1 -48 16 -48 10 0 3 65 17 74 -84 -71 5 78 95 -87 5 -74 42 -23 17 92 72 -40 31 47 -8 60 -38 -69 -70 -73 -1 -87 -8 -21 1 43 34 -34 -82 -33 40 77 -79 -82
-53 53 -75 -38 48 -27 55 -28 69 81 -11 57 63 63 -56 25 21 79 -5 -91 -56 -94 -34 64 27 77 16 58 -30 -8 -63 0 92 72 -92 -36 97 -30 15 52 47 85 63 15 -3 -25 72 -35 -14 91
-15 48 -96 -87 62 -87 72 -18 -19 -87 -25 -32 -71 -51 29 87 -7 31 -1 -32 -27 -71 -38 -28 -13 78 47 15 26 -78 54 -4 28 -39 7 -79 -88 -32 -47 46 78 5 -60 75 44 53 -62 67 -35 74
-1 -34 91 -45 54 -65 72 -44 -37 -46 -67 -41 82 -91 48 6 15 -4 -33 -93 20 64 67 4 -34 -89 83 61 -10 25 19 -74 -35 -49 -52 71 -44 75 8 7 93 -93 69 -59 70 84 82 56 62 29
82 -86 40 -62 -55 -24 34 29 86 3 -35 -96 -13 51 -27 -4 96 -50 79 -64 12 -61 -26 59 -80 83 -24 -2 83 5 6 -45 79 -29 -95 -52 -76 -2 -85 -39 62 -4 1 93 26 -32 -16 80 -80 -70
-46 -94 -11 41 -63 22 -32 36 36 -61 -24 5 31 18 64 63 2 -34 -38 66 -55 -8 -25 -24 30 -57 86 -50 59 61 -23 -88 78 45 71 19 50 44 -58 99 -12 -64 -43 -9 -77 -97 -63 62 30 -47
-64 31 77 -4 0 -10 48 -8 43 9 -89 95 -73 -90 -9 27 -34 -58 -40 -17 -54 -10 -32 -62 -68 -14 45 99 66 12 -60 -2 -89 88 85 -82 43 -87 48 7 26 -35 92 91 -74 -88 -64 -75 62 -2
86 55 -96 -40 -94 -19 -46 20 45 -37 75 -86 75 -48 52 -54 -37 99 -68 -4 67 4 12 -16 43 33 38 -28 71 -94 -51 -36 57 -86 -73 75 24 -17 67 13 69 -58 -99 -79 -24 1 14 92 -52 -23
5 32 -26 75 14 80 53 84 -28 31 -4 -81 44 83 56 65 -97 64 -17 -95 22 -83 52 27 -41 67 66 85 -52 -99 43 51 -86 -23 -88 5 87 89 -29 -8 96 21 82 93 80 61 89 97 -12 31
80 -10 12 -18 -15 -61 -43 -37 -57 -18 46 28 0 -29 44 28 68 23 -16 -16 14 -25 -99 3 56 -12 91 -19 49 -39 9 1 96 -38 -60 -86 -62 -53 -49 10 -95 29 -83 25 -55 -37 33 38 4 -56
-57 -47 58 25 -53 -35 99 -30 32 -3 76 -99 3 -99 29 68 -36 -42 64 7 -41 -7 80 20 82 -56 -53 -26 42 -62 -9 -54 47 98 -10 80 -74 42 -89 64 -24 75 -96 3 85 1 41 44 -28 25
21 -67 -5 -93 -7 86 11 -64 60 -10 -100 -37 6 11 -3 -23 -70 32 28 80 -22 -24 -100 -60 12 -68 -97 -19 -25 -28 -67 74 48 19 80 91 39 10 87 30 -92 -11 -91 84 -86 84 25 -49 -48 -70
-28 18 -60 -61 -26 16 99 1 -58 73 -31 -53 96 63 43 68 48 -33 63 -83 -22 72 36 -100 -76 -46 58 98 80 16 77 77 -31 50 -55 44 9 43 81 48 -32 2 15 13 -99 24 -65 89 28 -5
-93 -21 49 3 -51 41 -7 -82 -89 62 55 -87 -19 -27 71 -7 -39 42 59 -71 90 -34 37 -60 -85 -67 -85 -40 45 -79 27 -5 -88 56 88 -78 -9 -87 9 -3 -5 -47 -62 -54 63 78 -62 75 -59 20
-46 -82 -1 -81 -21 -100 -6 -8 -37 -29 -19 12 93 -99 80 6 -90 48 42 -19 -77 52 94 -60 -97 9 -14 25 32 86 -34 32 -82 -35 18 56 -55 99 -24 13 59 -56 -47 24 -43 -80 -11 68 -34 50
-99 44 -75 65 35 86 -92 38 81 23 -6 -67 61 85 -5 54 80 22 72 -81 -14 -72 -29 94 54 -89 -77 34 -13 86 -72 -92 86 9 -85 -34 39 -77 42 -59 85 59 -76 -39 52 -98 85 50 -27 62
-30 87 38 45 -42 72 40 -63 -97 -98 85 -24 -17 52 85 18 -86 -8 90 -9 56 35 -2 51 -59 66 32 93 53 92 -64 -20 -90 -41 -17 -6 62 -53 5 -76 28 89 69 -24 98 -56 57 -72 -80 -35
-85 -65 26 37 -68 31 -8 -87 94 -42 -61 -33 -5 -63 27 82 56 58 3 -53 22 -41 -24 -61 30 77 -10 74 70 87 4 -19 36 -70 -34 19 0 87 -83 -71 -19 -9 -18 -4 -7 -79 -29 -21 40 61
