10 10 20 20
-34 -27 -13 -1 11 93 15 54 14 47
40 45 -60 42 31 95 -36 -15 75 -55 
-71 32 -86 -3 71 -6 33 -69 -52 -32 
-57 -46 -70 -4 -48 88 -12 66 28 -27 
1 -84 -33 33 -44 -77 -42 -72 68 89 
79 -58 82 95 -39 32 -74 -67 91 -8 
-5 -64 16 -33 3 62 -24 -71 -33 24 
55 -89 -18 -95 37 7 2 87 22 -18 
-36 93 81 15 40 -89 -57 10 21 -57 
-15 -35 -29 33 34 -59 -60 53 66 -6
25 25 50 50
-71 -73 76 44 -83 -3 -55 -74 -87 -53 75 59 -13 -87 -67 -84 52 92 -42 63 13 17 91 -67 13
-78 -7 -46 -44 -77 -98 -13 15 -39 -43 76 -25 -8 9 59 -52 25 32 35 -33 -84 -29 46 33 -90
-79 62 33 27 -80 3 2 -79 -62 -31 -86 -64 92 99 -12 70 -35 84 10 -16 28 -93 -14 67 -49
-4 0 51 -65 66 24 -16 -38 -65 93 -92 17 34 -41 79 23 22 34 -92 -40 67 42 94 -61 -96
-58 39 -99 45 49 96 -100 -32 53 76 73 -13 -40 65 30 -9 -60 -74 11 28 -73 -14 -61 74 -17
-7 -85 32 53 43 22 0 58 -44 13 -48 -54 -90 51 46 -46 -37 36 -66 -45 29 21 32 -10 74
65 -35 12 41 -33 41 82 -79 73 69 91 -11 70 57 82 -94 -45 33 48 59 61 14 -66 93 -9
-26 -20 -89 -48 -4 -22 -59 32 51 79 12 -2 -69 23 -87 -40 13 -85 67 -52 -14 -67 60 39 -11
-20 64 -6 82 -7 -69 -37 82 44 23 4 68 -20 17 -70 8 43 -4 -71 -31 8 -70 89 79 -48
36 -59 -4 19 -50 9 -59 -27 43 45 -63 -62 90 -18 -27 -74 -96 -68 -90 -100 -43 -12 -85 -76 42
-98 15 54 -56 78 66 50 59 1 41 47 -77 -93 -39 25 18 3 -26 -36 32 89 73 -28 4 11
-12 7 -82 64 20 10 -70 50 -44 -4 -16 -84 -90 -67 -49 58 44 96 -56 -3 8 12 -57 -10 21
16 -42 -47 -22 -11 71 -23 -24 -55 -29 22 81 -17 -40 -29 -10 81 81 38 -3 85 78 75 -73 -3
23 -8 77 -83 19 0 -65 -52 73 91 0 -2 -96 56 -86 -92 -97 5 -31 74 44 -90 12 87 -28
43 -82 99 -59 71 -92 -37 26 75 -18 -60 -56 -26 56 47 15 -32 -26 -45 23 -38 92 24 -78 31
89 -71 -11 1 58 53 -9 -79 85 69 49 81 19 -27 -22 22 13 41 -98 -22 49 -13 19 -41 54
6 15 -63 17 -60 -3 -50 -28 60 -99 -44 4 -84 15 1 71 -12 -95 -68 57 25 57 20 69 -58
98 -10 75 -44 82 59 38 31 -100 15 34 -99 -17 28 -57 -92 89 90 -53 -34 -17 58 14 -73 14
-96 -65 -4 61 93 61 -19 -65 75 -89 6 -61 -44 -43 57 22 -22 83 45 98 -40 32 64 61 -3
95 11 -87 20 36 81 -68 -21 90 -72 -53 27 98 -87 5 4 70 -37 -48 -61 -84 57 -81 78 42
56 -46 -22 88 73 17 -34 62 78 26 77 -66 28 85 -55 -8 -53 95 4 82 72 -29 -74 -62 -72
-81 18 8 -43 -12 30 95 -48 51 14 75 87 26 -91 19 5 72 -8 -76 32 20 -16 -4 17 -77
44 22 -16 34 -56 -26 -52 10 -77 67 98 -5 -64 -11 -36 -82 -22 -61 -14 41 2 93 -58 5 86
39 0 25 10 43 -87 -64 12 -34 -66 86 -8 -78 86 78 -40 74 -89 -43 -92 62 94 -27 -97 31
57 24 72 -42 11 9 14 -69 -2 -80 -61 -65 -69 41 43 -68 94 -19 -40 -90 6 -71 -86 -19 -60
50 50 100 100
-96 14 90 -88 91 -50 -11 1 33 7 -52 21 -47 -58 9 -57 75 73 -51 -25 -2 -19 -5 46 40 -91 -69 58 -25 -93 -68 32 -48 57 -88 -37 -86 12 -52 -22 -85 71 80 -19 -51 57 -37 -62 -91 -94
85 32 -11 79 -35 71 3 62 78 -80 -90 -54 -28 -44 53 19 -21 93 65 78 1 -88 45 -37 -21 79 -64 -84 76 -50 12 -39 -61 -6 50 29 75 10 -85 94 -45 96 50 -48 -38 2 4 -62 -88 5
-74 94 9 -65 10 -59 97 38 -23 -51 23 13 5 -66 24 36 43 95 55 -39 -55 -39 3 64 56 -14 -73 6 -90 3 60 -29 -52 68 -73 -36 36 -38 99 -31 -31 71 50 -85 43 -64 64 -77 31 -70
-33 93 -81 88 -64 -36 6 -88 75 -79 32 21 44 -3 71 -24 48 -14 -53 -62 41 21 -43 33 91 -53 -97 -38 -23 -95 -69 -89 61 26 -76 -60 -5 54 -10 -78 -23 -61 43 -47 1 72 24 -62 86 -71
78 21 -46 74 -75 -34 -51 15 -62 80 68 6 4 -44 15 37 -96 -83 -42 -56 30 -21 -91 14 16 18 50 -17 71 70 63 -76 -78 -19 -43 48 -39 88 -69 -43 -4 48 57 -22 -60 -23 25 -90 62 -14
53 69 -24 -28 -1 15 -81 90 -89 26 56 -40 -28 2 6 93 -18 -64 97 -34 -6 -15 -73 50 15 -29 -72 -35 5 -77 24 -14 -21 50 61 -100 -25 32 -29 -37 -10 -12 66 -75 55 -75 36 13 35 48
-13 -74 5 44 87 -52 46 -12 7 23 -99 29 45 26 -30 24 -25 -60 -29 -25 -42 -43 32 -27 -89 -85 79 -5 92 -93 35 74 -65 -67 70 34 -67 82 83 -39 -45 -51 47 -1 -42 -53 -44 -87 -47 -35
66 71 -25 -14 -91 10 85 32 -50 82 76 43 -13 -38 -81 -3 21 74 3 30 46 -91 -50 16 -20 -43 33 -88 8 -70 31 -79 13 -43 -86 -20 34 -13 -45 -81 -17 49 0 -46 -7 -5 -22 31 46 72
-72 -35 62 90 -61 60 65 20 13 -14 58 -67 -37 -31 96 96 -91 -52 -33 65 21 30 80 -56 31 50 11 -19 -95 6 46 -47 37 -66 -85 99 65 -4 70 -12 77 50 -51 -97 -22 62 76 1 89 63
57 -100 -42 -91 55 -17 75 40 24 14 -25 33 -43 13 -74 -26 -45 -52 10 51 82 82 -83 -8 -15 -76 -22 6 37 -78 -54 89 90 4 -46 31 84 -41 -68 50 -55 38 97 53 42 -14 -92 -90 -73 19
-86 49 -3 -73 -48 87 98 83 -65 68 29 -1 -38 -33 -14 -57 44 -23 11 74 87 -3 -58 -35 -13 -41 -22 31 54 26 68 -71 -64 -14 -81 -35 88 -7 -12 -13 82 -9 24 11 21 -80 9 -91 91 10
0 99 4 -16 84 74 -16 -59 -36 28 59 -49 51 39 -67 -12 -70 76 18 -70 43 36 14 -26 62 -6 -98 -76 89 -60 -16 -29 -82 48 7 -85 -8 53 25 31 96 -82 51 98 -28 32 -61 -44 76 -46
26 -93 53 14 -66 47 1 -13 -49 54 -78 -22 -31 -3 -74 -23 -38 62 16 79 26 10 39 -33 61 -52 -31 -11 -57 24 58 25 -92 80 -11 44 -15 75 -3 81 -51 73 -12 -52 -35 51 42 -75 32 90
87 -24 -27 -62 66 -46 -6 -77 -27 62 -55 55 85 -59 -73 -71 14 68 40 18 -19 74 51 -94 29 30 -9 77 18 -20 -73 -18 65 -69 97 -4 -33 84 52 -19 -11 -56 -80 -24 -80 -48 -74 -37 91 -25
20 -75 -49 -58 81 15 73 -25 50 -9 -79 -45 21 34 -18 96 -29 30 31 -94 99 0 90 -42 62 -87 53 30 -67 21 -26 -40 52 31 -4 94 -83 8 7 90 50 41 -25 -19 -44 97 -26 38 59 -78
-89 -45 90 -52 28 65 20 -1 -60 -61 75 -16 92 -92 10 -41 -38 61 27 57 22 -17 -36 12 -44 61 -25 -60 -56 63 -44 -81 -89 13 95 -77 85 -55 -86 43 26 -41 -7 -88 52 51 -46 -87 69 -14
44 -44 83 -63 -5 -8 -41 -61 -97 -58 97 51 -94 28 83 84 -7 74 -33 11 -2 15 76 -68 -50 66 91 -36 87 -75 42 26 86 56 2 -92 6 -36 67 -30 72 0 85 54 -46 54 73 -39 -32 58
87 29 -22 39 52 57 -88 44 61 -30 -21 49 54 47 9 84 99 93 92 -6 -65 -76 88 -32 -99 -87 39 57 -27 6 63 6 -58 12 -96 -32 -19 -99 85 52 -58 44 92 82 54 42 36 -4 -18 -93
-1 -7 -43 -53 -87 31 -43 -24 -21 -53 -17 -25 -84 -29 65 -32 3 -12 -96 69 33 -93 77 -63 -3 85 43 -39 -14 -51 -96 -23 -34 -85 -28 -14 59 55 62 71 -52 -64 63 -70 -68 70 -100 55 40 -70
-84 70 1 -86 -93 -76 -92 -59 37 -9 1 -6 -68 -84 50 -49 92 -38 97 -37 -86 87 -55 -50 -27 -13 51 -52 -51 83 17 34 -62 13 98 67 -76 66 99 -95 5 -94 78 -92 76 39 -91 -87 79 -89
-22 71 -52 3 -43 -72 71 0 -78 75 -64 3 21 -79 -18 -86 34 21 -68 11 80 -48 13 -16 57 -97 -1 17 45 -21 61 -67 18 53 -39 85 -8 68 -88 -45 52 -62 -41 52 45 -35 -92 -3 59 2
-61 35 -96 -13 4 21 -80 82 2 36 -66 58 21 -53 -31 -77 -70 17 -75 -97 -73 42 5 -12 10 17 66 31 9 8 -66 -93 24 76 -71 -54 -80 37 -70 96 -54 -88 14 -48 -81 -26 -78 -34 34 -88
-94 -21 81 78 -43 -9 47 49 41 85 14 -66 -3 -88 -64 61 9 90 41 -62 -2 28 46 -71 -81 -75 -16 23 -78 1 94 84 63 35 25 -22 86 -43 30 25 -34 -40 -79 -69 31 87 52 75 61 -45
-3 23 0 59 -47 58 -86 -3 -66 -19 80 -19 -79 3 38 -38 -90 -81 -35 -12 99 -46 -66 58 47 60 53 82 67 50 -94 35 -52 50 -9 -6 33 91 -45 65 -73 5 3 35 -88 -8 38 -32 63 52
-87 -66 46 57 30 18 -53 69 -52 20 -64 79 -25 61 22 -20 -64 45 -86 -37 -49 -20 -4 53 4 -4 44 76 -30 32 7 -34 21 -54 6 72 67 -97 39 84 -35 -11 -88 -78 -54 50 -60 -30 -82 -2
-21 70 3 -45 96 -97 51 -67 75 17 21 -19 44 -54 74 -65 1 -75 -62 -33 89 51 -100 74 16 55 31 32 -27 11 43 -86 -55 -90 79 5 11 -71 -54 -5 -29 -86 51 -25 18 -56 -30 68 52 20
6 43 61 -3 -44 55 55 48 -100 -24 74 -9 -32 9 -85 -90 41 33 44 9 -2 68 35 91 -59 -82 -25 -54 48 99 -32 -12 47 -13 96 81 -83 97 -38 -11 27 10 -84 31 98 -47 -45 51 43 26
-91 -77 23 0 57 36 -28 15 -67 -95 36 -63 16 57 48 -78 -72 -91 -90 68 91 -45 -52 54 34 98 -52 -83 -56 -55 -83 -13 -57 84 -63 -9 94 -78 -98 -63 99 58 -9 -81 -36 6 -87 -18 43 -56
97 4 79 -50 18 72 78 -99 -83 -9 -49 -85 98 -8 -44 59 22 -12 -39 21 -69 -4 64 0 -32 -52 85 -79 -60 97 73 8 57 -36 -57 32 23 15 54 -41 -82 24 -93 -27 37 31 60 -91 -4 67
30 -58 75 -80 46 98 -99 75 88 -77 -96 -88 25 -21 -16 44 10 -72 -15 -26 83 -31 -52 -69 -11 -61 -83 -12 -77 -83 -32 -78 83 57 -16 -10 -70 -89 24 15 90 74 -65 20 -50 85 -40 49 -2 52
82 -47 -69 -86 78 -1 -83 34 88 1 53 41 -59 -8 36 84 -70 -82 21 62 94 83 71 -83 -73 -82 -50 -1 75 -54 17 -93 16 91 67 32 26 23 84 -10 52 -27 -56 17 76 22 -44 -90 88 -2
10 66 92 82 61 62 35 -61 -69 -88 -15 -24 31 25 -98 -41 -53 52 95 45 55 42 86 -94 3 -55 -19 95 -15 -19 -17 -16 21 -94 33 -44 -74 -78 -54 -55 -9 -99 65 -85 31 -41 10 61 85 13
-65 78 40 63 -1 -48 16 -48 10 0 3 65 17 74 -84 -71 5 78 95 -87 5 -74 42 -23 17 92 72 -40 31 47 -8 60 -38 -69 -70 -73 -1 -87 -8 -21 1 43 34 -34 -82 -33 40 77 -79 -82
-53 53 -75 -38 48 -27 55 -28 69 81 -11 57 63 63 -56 25 21 79 -5 -91 -56 -94 -34 64 27 77 16 58 -30 -8 -63 0 92 72 -92 -36 97 -30 15 52 47 85 63 15 -3 -25 72 -35 -14 91
-15 48 -96 -87 62 -87 72 -18 -19 -87 -25 -32 -71 -51 29 87 -7 31 -1 -32 -27 -71 -38 -28 -13 78 47 15 26 -78 54 -4 28 -39 7 -79 -88 -32 -47 46 78 5 -60 75 44 53 -62 67 -35 74
-1 -34 91 -45 54 -65 72 -44 -37 -46 -67 -41 82 -91 48 6 15 -4 -33 -93 20 64 67 4 -34 -89 83 61 -10 25 19 -74 -35 -49 -52 71 -44 75 8 7 93 -93 69 -59 70 84 82 56 62 29
82 -86 40 -62 -55 -24 34 29 86 3 -35 -96 -13 51 -27 -4 96 -50 79 -64 12 -61 -26 59 -80 83 -24 -2 83 5 6 -45 79 -29 -95 -52 -76 -2 -85 -39 62 -4 1 93 26 -32 -16 80 -80 -70
-46 -94 -11 41 -63 22 -32 36 36 -61 -24 5 31 18 64 63 2 -34 -38 66 -55 -8 -25 -24 30 -57 86 -50 59 61 -23 -88 78 45 71 19 50 44 -58 99 -12 -64 -43 -9 -77 -97 -63 62 30 -47
-64 31 77 -4 0 -10 48 -8 43 9 -89 95 -73 -90 -9 27 -34 -58 -40 -17 -54 -10 -32 -62 -68 -14 45 99 66 12 -60 -2 -89 88 85 -82 43 -87 48 7 26 -35 92 91 -74 -88 -64 -75 62 -2
86 55 -96 -40 -94 -19 -46 20 45 -37 75 -86 75 -48 52 -54 -37 99 -68 -4 67 4 12 -16 43 33 38 -28 71 -94 -51 -36 57 -86 -73 75 24 -17 67 13 69 -58 -99 -79 -24 1 14 92 -52 -23
5 32 -26 75 14 80 53 84 -28 31 -4 -81 44 83 56 65 -97 64 -17 -95 22 -83 52 27 -41 67 66 85 -52 -99 43 51 -86 -23 -88 5 87 89 -29 -8 96 21 82 93 80 61 89 97 -12 31
80 -10 12 -18 -15 -61 -43 -37 -57 -18 46 28 0 -29 44 28 68 23 -16 -16 14 -25 -99 3 56 -12 91 -19 49 -39 9 1 96 -38 -60 -86 -62 -53 -49 10 -95 29 -83 25 -55 -37 33 38 4 -56
-57 -47 58 25 -53 -35 99 -30 32 -3 76 -99 3 -99 29 68 -36 -42 64 7 -41 -7 80 20 82 -56 -53 -26 42 -62 -9 -54 47 98 -10 80 -74 42 -89 64 -24 75 -96 3 85 1 41 44 -28 25
21 -67 -5 -93 -7 86 11 -64 60 -10 -100 -37 6 11 -3 -23 -70 32 28 80 -22 -24 -100 -60 12 -68 -97 -19 -25 -28 -67 74 48 19 80 91 39 10 87 30 -92 -11 -91 84 -86 84 25 -49 -48 -70
-28 18 -60 -61 -26 16 99 1 -58 73 -31 -53 96 63 43 68 48 -33 63 -83 -22 72 36 -100 -76 -46 58 98 80 16 77 77 -31 50 -55 44 9 43 81 48 -32 2 15 13 -99 24 -65 89 28 -5
-93 -21 49 3 -51 41 -7 -82 -89 62 55 -87 -19 -27 71 -7 -39 42 59 -71 90 -34 37 -60 -85 -67 -85 -40 45 -79 27 -5 -88 56 88 -78 -9 -87 9 -3 -5 -47 -62 -54 63 78 -62 75 -59 20
-46 -82 -1 -81 -21 -100 -6 -8 -37 -29 -19 12 93 -99 80 6 -90 48 42 -19 -77 52 94 -60 -97 9 -14 25 32 86 -34 32 -82 -35 18 56 -55 99 -24 13 59 -56 -47 24 -43 -80 -11 68 -34 50
-99 44 -75 65 35 86 -92 38 81 23 -6 -67 61 85 -5 54 80 22 72 -81 -14 -72 -29 94 54 -89 -77 34 -13 86 -72 -92 86 9 -85 -34 39 -77 42 -59 85 59 -76 -39 52 -98 85 50 -27 62
-30 87 38 45 -42 72 40 -63 -97 -98 85 -24 -17 52 85 18 -86 -8 90 -9 56 35 -2 51 -59 66 32 93 53 92 -64 -20 -90 -41 -17 -6 62 -53 5 -76 28 89 69 -24 98 -56 57 -72 -80 -35
-85 -65 26 37 -68 31 -8 -87 94 -42 -61 -33 -5 -63 27 82 56 58 3 -53 22 -41 -24 -61 30 77 -10 74 70 87 4 -19 36 -70 -34 19 0 87 -83 -71 -19 -9 -18 -4 -7 -79 -29 -21 40 61
100 100 200 200
11 72 -60 -97 -56 -74 -66 68 22 11 -33 22 -34 0 -4 46 89 41 -12 67 -59 86 -94 -66 49 18 -61 -68 -2 -78 31 -68 57 98 -63 94 -29 6 16 -28 33 -55 44 -4 59 -54 -17 -35 -31 -56 1 3 -87 10 -83 27 -94 30 -94 90 38 -36 33 62 -95 24 -11 28 -57 10 45 -96 60 79 52 -70 26 53 77 98 -37 -50 89 77 -83 75 -23 -93 80 76 26 -7 -6 -37 0 -82 66 53 -60 -61
-87 64 -98 -39 74 90 60 91 -18 9 -87 82 53 45 -94 79 58 39 -98 51 87 79 -85 26 4 -58 8 88 65 50 -21 -24 88 78 26 -34 66 3 -58 -33 51 34 -91 -7 39 -54 -60 58 78 -71 3 99 -79 48 40 -21 2 -20 -84 -29 54 -51 -7 -100 78 8 79 -83 -25 11 -96 -15 12 99 95 -32 47 75 82 -71 -79 -4 85 -70 48 48 -12 -27 -39 74 63 45 80 -92 85 -44 -73 -87 90 -95
-84 31 -36 -64 -46 -24 83 49 -36 57 35 -40 -91 -32 22 0 52 77 58 8 -26 -99 -37 -28 49 0 -75 76 -25 -46 -20 -58 -84 93 -33 17 -30 55 30 11 -22 -54 69 -28 -55 80 -10 -26 26 -92 9 37 -96 68 71 92 -8 47 -77 35 -42 -75 45 78 -66 -1 -84 18 -96 -40 -19 -79 54 -60 52 42 16 -28 66 84 58 -95 74 75 -13 -37 -6 -93 -78 -95 -95 48 98 -79 62 1 51 2 38 -29
99 -69 83 -72 45 56 -70 76 -84 16 -16 -23 -10 47 60 -15 12 7 -85 -4 68 96 0 -62 47 -97 36 96 45 22 -37 -9 -87 61 -91 -49 80 69 -34 25 78 63 -29 90 -84 -38 -91 -72 -98 2 17 -23 65 -81 -43 67 12 -58 -23 18 87 -77 94 -67 94 72 94 29 59 8 -56 5 -78 6 40 -87 45 13 -97 35 -98 -42 81 -73 -3 49 99 85 97 -70 93 61 -99 -12 -11 -7 -73 82 -78 -55
-54 45 -83 -90 77 -74 -40 14 17 -21 35 1 61 -89 -89 -46 -91 -88 12 61 35 -87 -45 92 97 23 -84 -4 52 65 62 -31 36 24 29 98 -81 -6 61 -77 -71 58 -72 54 32 -76 -48 -29 82 83 96 -9 75 -73 60 31 -81 24 84 96 -92 11 75 2 -33 27 60 -67 -25 79 -15 -52 -74 -15 -100 -10 -68 93 -34 -88 26 -54 -96 94 91 -23 59 -50 57 -46 -57 52 71 32 74 13 -81 67 -42 -43
65 8 57 -97 34 32 -35 50 78 -31 -20 29 32 66 59 -71 -100 54 -63 -55 82 48 -67 52 -65 75 42 11 -46 -93 -14 -67 29 -77 54 32 52 28 -7 -56 -67 -55 36 34 27 -87 -27 15 -12 -26 60 74 68 2 84 18 -36 -27 -42 83 74 -4 74 45 -82 0 -36 -53 -82 -39 -79 46 -6 -95 -96 -19 -81 -49 -63 -5 -30 -14 52 14 -30 0 -66 -17 88 80 86 -32 -63 10 -89 92 -68 -77 36 4
44 -11 55 22 32 31 -2 75 26 17 31 -43 -91 -20 55 -34 -71 -21 -71 -67 -87 86 -100 86 -3 -65 36 78 -16 -59 -13 -74 41 85 -70 35 28 -81 -7 -100 78 73 -78 -24 69 -85 -82 89 43 46 26 -43 -41 -48 83 84 77 77 17 25 52 25 45 83 32 -19 -57 33 80 -63 -90 -46 42 -60 12 -23 -84 -24 17 -83 75 -10 -23 68 -17 11 27 92 44 87 -51 99 -86 -72 47 -75 -62 19 61 10
-12 49 -60 -40 2 36 -53 -42 -63 46 32 68 -82 29 5 -57 -40 -17 31 -64 26 32 22 -31 24 -39 79 90 -36 -82 68 22 -47 -36 12 -77 51 -43 -24 87 44 -22 -44 90 88 34 75 -48 -28 41 51 94 25 -89 -95 11 -59 93 -78 7 81 14 24 -93 -18 -27 -19 33 89 -60 0 86 56 -38 42 39 -57 -96 -27 -50 -36 -82 -100 50 16 36 -89 7 -88 20 29 48 63 -4 -57 -11 6 98 -95 66
83 50 -48 -75 -97 38 -44 -3 -60 -10 93 -71 60 76 -9 -63 -82 90 -4 88 -60 45 96 68 -84 -34 77 -89 -85 69 82 14 -64 -54 40 5 -1 -97 98 -66 48 -74 -38 -13 54 78 49 -33 26 -48 -85 -3 -4 -57 -32 -50 -27 -80 92 30 67 -79 -44 -68 72 -5 -92 69 80 -86 -79 -77 -22 39 -12 -66 -52 -61 48 -71 -75 23 78 -34 6 -62 39 85 -56 -67 -41 -95 88 -33 71 -19 -31 -73 -12 -36
-34 89 -79 99 76 -58 41 -43 75 2 58 62 -44 -42 84 72 -13 -4 -27 -100 -59 29 0 -71 53 49 65 -6 4 -22 -63 11 -3 79 52 -89 -11 -3 11 91 10 92 70 60 58 -19 54 -61 6 32 -62 -19 51 -100 98 -40 33 -36 23 44 -33 -61 -5 91 79 -60 95 -51 -28 87 -68 -99 -70 -30 -73 -76 -97 19 56 -60 43 89 -19 49 -72 24 29 76 59 60 81 -11 -51 -98 15 6 -87 -3 86 -64
42 -91 19 47 -74 85 -1 97 -72 94 -8 85 18 -49 -81 15 71 80 -5 -38 57 85 54 92 -76 -88 91 -31 -50 -80 -100 73 -26 -24 29 -19 28 -100 71 -65 8 -61 -2 29 -74 -91 -30 54 -10 -90 67 -72 -4 -34 76 3 96 -95 -92 93 15 92 51 96 -43 -29 18 8 -49 17 -76 -56 -46 -21 -6 46 -64 -27 -6 94 -93 -84 46 5 -38 -95 99 94 6 -10 -93 65 -55 58 -87 21 60 -13 -80 -55
-53 0 -52 -19 65 51 13 34 85 37 -28 73 56 49 -85 -80 -23 -77 55 16 -41 99 29 43 13 15 -37 -28 -32 44 55 -14 47 -55 90 -14 -29 -80 -5 -76 -11 44 -31 37 -7 73 -74 -89 51 -57 23 -26 33 -22 -38 -2 78 60 -100 12 -76 -41 -13 82 -57 -25 15 60 22 -95 73 -18 -59 72 -81 53 5 39 -68 -42 -82 -91 88 -23 50 -85 -88 91 -12 -6 -72 89 62 60 2 36 1 -28 -51 33
20 79 -69 -8 42 -97 -94 92 89 50 -12 96 -39 30 -17 12 87 6 65 -23 18 -16 78 98 42 1 -66 25 39 82 -81 -24 60 -63 -27 93 -68 23 48 -18 -10 -88 -22 94 23 -78 -89 -77 -85 14 -79 -21 76 75 67 11 -82 19 21 82 2 97 -97 -46 -90 80 -26 -35 7 -33 76 43 -55 -82 -74 63 -6 -20 -94 -31 -81 3 -31 -12 -15 5 -5 -46 39 -32 -3 64 -68 -3 -37 -41 83 -6 -25 87
88 -91 46 -43 42 7 47 -70 50 49 82 -2 -85 71 -89 -9 -61 49 80 -93 -3 24 41 -10 -84 -83 -52 -26 -36 85 84 -47 86 -57 -70 39 40 -86 -69 50 44 -66 -74 4 -37 -87 -59 -11 -10 45 -3 -79 -95 -77 -12 21 -26 38 -85 -90 37 72 -31 50 -20 1 62 10 -74 -58 67 -71 22 24 81 -22 -18 -18 25 -60 -59 51 74 -62 50 30 -10 -6 24 23 -85 -98 11 1 -76 56 -52 71 -88 31
15 -21 -70 -43 39 -6 48 72 -28 40 0 72 -80 -73 72 -35 -87 -37 -54 88 50 24 -81 -29 -17 -87 72 90 29 98 -11 -88 -60 -69 94 -83 43 -15 78 2 40 86 -61 88 -84 67 -8 -7 81 -29 -72 -29 -46 11 -48 -63 85 40 60 -27 -91 42 35 43 73 -3 -26 52 6 37 -17 66 -87 37 -30 52 93 89 93 7 -58 -92 -38 83 -95 24 16 92 -98 40 -92 -61 -75 79 18 -94 11 -82 87 -56
-90 38 13 -44 -42 -4 30 79 81 60 -95 41 -75 46 17 -41 -41 29 17 46 16 47 79 -31 -28 28 89 -41 40 12 64 78 70 25 -97 -81 97 50 93 25 -78 -9 -85 -15 -10 -6 45 13 -9 -55 67 -18 4 -2 -4 31 44 -82 -62 81 -60 49 -28 -31 -82 -75 -28 95 -79 7 -71 -87 89 40 -80 56 90 -45 -11 39 -21 53 47 -32 -96 21 -66 -85 -21 75 -33 -59 89 37 86 88 -96 -59 50 75
-16 -90 22 67 -40 27 -91 -34 -45 -43 9 31 81 82 44 -24 -79 59 -11 -95 88 49 72 -75 15 51 -1 -98 -100 -73 -77 -11 13 -24 -4 -67 -36 -41 -51 8 -7 12 -5 -21 -64 8 57 56 -63 -28 58 4 55 -98 -48 -4 41 68 -35 -41 -32 17 16 2 99 -92 72 98 -6 98 53 -60 66 0 -33 -3 16 79 -26 -35 5 -96 37 -48 90 -50 -73 85 -37 80 88 7 81 -71 88 79 55 -21 84 -33
75 48 -5 61 -94 -46 93 83 -8 20 -42 7 -64 -80 -26 -71 -1 -87 -18 79 -69 65 17 23 68 -71 -26 26 33 32 35 95 -1 -13 -85 83 20 -22 -38 58 -90 0 -48 29 -36 86 -99 48 12 -35 -36 -14 -27 85 -94 34 33 -64 -1 10 -49 -49 35 15 -40 -94 80 52 -72 61 83 -94 -43 -3 21 83 93 -86 6 -40 83 3 79 79 -1 -54 89 80 -25 -13 -67 21 -4 -50 72 -56 -88 -16 43 48
-90 56 40 86 10 75 64 97 -36 -20 54 66 80 91 5 97 -28 -98 -67 -39 82 8 -67 77 78 -32 91 17 -93 98 76 -10 62 59 3 -48 -60 76 52 14 -92 -93 96 40 -16 -70 -77 54 70 54 57 -34 15 -97 -12 47 -55 37 -78 7 12 -61 80 19 32 50 -31 -86 48 -5 19 -68 8 38 -50 -10 66 28 81 -33 96 89 -9 -62 21 99 0 -47 -83 47 55 18 81 -57 28 -44 24 0 -5 34
81 -88 78 19 -84 -19 -59 46 30 74 -60 5 71 12 97 37 38 38 47 -36 84 -97 53 37 59 73 -80 -3 54 93 -1 0 96 58 68 -60 -77 -3 31 -16 26 16 76 -56 0 -89 79 -63 -34 42 23 -12 70 29 8 71 88 86 -20 89 82 34 19 -60 -13 41 8 -42 -9 -41 76 61 -16 -81 -95 34 99 -59 -90 34 20 64 21 67 32 6 -50 32 -27 55 -87 0 23 39 68 -93 83 27 22 84
-7 -85 -22 59 83 -55 -60 -30 56 77 37 66 94 89 -99 -99 -14 -2 98 -12 15 1 79 28 -91 33 -99 -95 20 81 83 -74 32 98 94 -93 -11 2 47 -2 -81 27 -94 -30 -52 90 7 -97 -22 -67 -9 51 11 43 -63 -19 -6 78 -11 -29 85 29 52 -52 -45 -90 -15 -46 20 34 45 -53 -24 21 -5 -47 8 -49 -51 -95 46 3 38 91 29 65 -10 -9 -51 -25 72 59 51 4 10 -6 -14 20 -73 -8
-37 -9 -88 -30 -1 -71 19 20 23 97 3 90 -79 64 -16 -11 5 -97 68 -45 -95 87 -86 79 -99 37 -16 -37 -5 91 70 -31 -7 69 56 90 26 71 31 -16 3 32 -22 -1 38 53 32 -49 -31 89 -6 -81 -65 59 -35 -19 15 32 69 -8 71 41 59 14 -50 -72 -97 13 88 -11 -23 60 -35 -20 73 48 -58 -6 -39 75 -83 30 14 -29 -57 64 -68 -96 77 41 49 -49 -89 -62 93 47 75 39 24 7
40 4 -36 -21 46 -58 -31 -30 -75 72 -4 -21 -41 5 38 84 -99 -76 98 52 21 -16 55 62 4 13 -26 -11 -8 17 -19 90 -89 77 17 99 -73 -29 77 60 -28 -61 72 11 55 -97 -66 -10 -82 -3 75 46 71 80 8 82 82 -71 -77 10 -1 -92 -42 -44 -86 89 -76 2 -100 -91 -23 -60 73 -99 83 26 16 59 26 53 80 -98 -19 -76 69 -76 0 15 -16 -56 -91 -88 3 -34 76 92 15 -98 68 90
0 34 1 -90 93 -5 -57 11 0 -85 61 25 -15 52 41 -60 -67 -73 -91 -35 -88 -1 99 17 -96 -15 -80 -86 -94 -5 31 59 62 68 -44 -83 20 3 -74 -63 -64 38 -23 -22 96 -45 -25 -13 99 -6 9 55 64 -7 11 58 91 42 -44 -90 5 3 -2 45 -98 -40 -74 -40 50 69 -87 -21 -96 -96 -18 -94 49 99 98 97 80 83 -26 19 -10 -80 -29 67 -24 2 -85 18 -85 93 -37 98 49 89 83 -94
73 -100 89 -34 -87 -53 -16 98 -52 63 55 21 -17 -97 -38 -18 82 20 39 60 -44 37 -14 -89 -91 -21 13 -35 -90 60 -81 -80 -87 97 -81 -76 26 -44 -60 50 40 -36 75 83 -23 -84 90 -72 8 18 -21 -99 72 79 -58 90 -27 -32 98 -47 61 -32 95 -19 -10 65 -31 57 45 -36 -1 37 96 35 53 -31 -88 -39 -29 -40 98 -26 -4 -75 60 0 36 -64 -72 -51 -68 -69 1 -80 -92 80 -49 88 69 3
-71 -82 75 77 79 -68 13 1 -24 -2 54 -78 -31 -91 53 70 -4 41 44 69 -24 -80 64 77 98 89 40 28 95 96 -19 -39 -88 -17 -69 -73 -35 -70 -45 5 -48 54 10 18 -99 -67 91 -45 11 68 -74 7 -91 4 52 -49 87 54 35 0 7 -15 -79 50 -59 61 -58 49 58 -88 -54 -51 50 -8 43 77 -59 -13 23 44 0 -73 -79 93 -77 -49 -31 26 73 0 -93 -84 -65 -94 11 22 -1 -95 -74 -12
73 35 89 66 53 31 14 -12 8 87 -46 -4 29 21 28 -8 71 -64 83 48 -65 -32 23 42 45 24 23 -21 40 -18 -31 -96 -97 -90 25 -39 -64 -48 -46 56 0 14 15 -30 -35 -17 20 -28 -79 -30 -22 -48 -21 -22 37 -21 89 65 34 2 -38 60 82 -9 13 -80 37 13 -1 98 -50 37 97 -50 -69 65 -69 97 -49 -69 -38 -97 96 -30 -58 -50 -46 -6 91 82 46 44 -91 -48 -91 -66 71 19 96 60
-71 -86 38 75 -58 93 -45 -68 -94 -90 62 75 -35 81 -92 31 31 17 -1 57 13 -61 47 52 -66 19 4 97 53 -36 14 -3 -72 -74 -13 94 46 20 -30 -69 10 50 -65 -73 33 0 -4 -30 17 -9 -41 -23 82 -62 -15 -95 -49 -44 -13 58 -96 -91 44 65 51 52 -84 -32 -18 48 44 71 -10 -76 66 23 -7 78 90 -19 90 -20 69 -79 -38 9 -67 24 -32 32 -40 -6 20 -32 32 77 -62 1 1 -99
-89 -92 -44 50 -66 67 -11 14 32 0 -52 17 81 75 87 -7 -100 -79 -16 18 -43 24 -73 31 70 34 9 -1 82 77 -21 -5 56 -49 91 56 15 86 -69 60 -27 -38 65 -88 -86 -3 57 47 -43 -44 -71 17 32 62 30 -81 -33 99 -45 9 -34 45 -97 54 6 -20 63 -57 93 -78 95 -49 8 -74 10 -40 87 -23 -68 -86 -38 75 65 69 -30 -89 -68 -26 -33 25 69 47 2 -33 4 -48 25 65 -12 59
-49 51 -16 -46 83 72 76 21 98 5 -33 -79 48 6 -72 -44 11 -82 -40 -25 -30 27 84 2 39 -85 -12 -88 82 -27 73 -79 -13 69 45 -24 74 74 -43 91 66 -64 -95 -80 -14 -46 80 -55 92 -3 -32 65 -51 83 -58 -73 -51 9 65 88 78 -86 -100 55 98 -43 95 57 74 -2 58 95 49 52 38 -4 16 -80 11 51 -36 -70 -40 97 44 -48 -60 -71 57 -72 44 12 -43 -75 -37 3 -41 -54 -79 -48
83 65 57 95 92 -75 99 15 -79 -76 15 76 39 -13 -7 13 -30 -84 -97 92 -59 -55 -2 65 20 -59 -17 16 74 -75 54 -24 -23 -91 -54 49 -100 3 29 -77 -59 -10 -100 66 44 -77 31 43 17 29 57 72 -13 -59 -17 -99 -36 -95 91 -56 14 26 -57 82 31 20 79 -94 85 77 -52 -59 -71 28 92 -65 -31 16 68 -2 -68 61 15 -97 69 30 -8 64 -6 10 50 19 80 -41 -49 -36 87 95 41 10
-82 -97 -39 -7 -57 87 24 35 -53 -36 -39 -37 2 25 -29 77 -19 -95 -84 -16 -30 85 50 16 44 -75 -64 -86 -16 -38 0 -45 -71 56 -35 -52 -59 41 -66 -53 34 -90 -31 99 -18 -1 80 -64 -40 -8 81 -37 -18 51 29 65 22 -31 -7 49 42 -64 46 65 -60 97 68 76 40 -51 99 24 54 84 -61 -46 84 -48 66 -53 1 23 81 28 -70 -99 12 -59 71 96 -81 85 40 -92 2 61 60 78 -3 95
16 24 55 -18 67 -54 76 48 -30 5 -35 15 45 81 -83 -1 36 -31 -34 72 25 -89 -71 50 77 94 69 -2 -4 -49 -30 44 -94 74 -70 -63 20 25 -55 47 61 -88 87 -27 95 96 -11 83 -59 36 42 -43 28 -94 20 99 54 50 22 81 -87 -11 55 44 12 -73 50 39 52 -71 28 93 65 96 23 47 18 -97 88 -78 -6 -82 -38 53 57 45 -78 16 -30 -83 -8 29 70 -95 30 93 -98 -72 48 -11
18 86 -96 -52 15 -20 -52 62 12 -12 -72 -11 -90 -68 69 -4 52 -17 -55 7 44 -36 -100 5 -99 2 -19 32 97 -39 -63 52 -54 95 95 -72 -51 -32 -12 16 -99 49 18 30 44 29 -27 63 -58 -46 -81 18 -33 -46 85 99 -100 40 15 65 -35 -45 71 -13 82 88 68 87 -70 22 -9 3 -29 20 41 97 -16 -27 -61 45 72 -25 60 -41 -10 73 -25 21 88 -10 5 40 -70 -69 -69 16 57 -84 -64 67
-50 -8 27 23 44 12 -13 94 63 -11 70 -90 -2 -23 -26 -12 -94 -17 -69 33 -23 -26 -11 -10 -1 -4 40 -43 -35 -29 -1 -71 -90 22 -33 -14 -5 60 70 39 -38 86 -17 7 -84 27 9 1 28 30 94 98 -76 -64 -34 -48 4 -2 28 24 95 -56 -12 65 -60 19 -16 32 -65 -61 -100 60 -26 62 83 -65 -73 14 -2 -76 -60 8 -50 -41 17 38 90 79 85 -27 1 93 48 -23 -25 93 -80 41 -88 54
-89 -74 52 -94 13 -63 35 -69 -25 -1 -17 -29 51 -62 88 90 97 66 39 94 -23 -41 -61 -51 81 7 81 64 -72 3 -85 -42 3 -61 -22 -41 73 -89 66 -86 8 79 -56 96 -6 -74 -4 22 57 -67 -6 61 38 -98 30 -76 96 13 -74 -63 -54 -78 13 -91 -71 -49 35 96 95 -57 -57 78 33 -74 95 -99 -62 39 10 -79 40 -9 -27 96 -74 1 62 -91 -92 89 54 59 24 -84 45 83 -73 14 61 95
-57 -91 5 -93 52 -15 48 55 -10 40 -28 69 33 -65 -54 39 76 59 32 3 99 -86 -96 -32 -99 28 -100 -36 -78 -82 -10 -29 -84 34 -60 31 48 17 -66 -43 -65 82 1 90 28 -57 -4 -10 63 -96 86 -33 -23 76 43 -47 -1 82 35 8 42 19 -22 -29 23 -59 -75 24 89 -86 -82 -62 -35 63 -87 -39 29 -8 -74 8 92 16 90 99 16 92 -82 -49 31 -22 39 53 74 -3 -57 20 -30 -68 43 -73
-21 -14 33 -93 30 47 82 -72 -70 -99 67 -11 -59 -15 49 78 98 -92 53 -70 -41 78 -57 82 96 -56 81 -43 -7 -21 36 30 -12 -41 84 -33 52 98 -97 72 66 95 82 37 0 -40 18 43 -42 -41 35 -36 -37 -26 34 8 52 40 -15 76 5 47 -7 -23 26 -12 -73 -11 -56 21 -22 21 42 15 -46 86 15 -34 66 -48 12 -1 -62 -88 17 5 26 -95 91 -79 2 21 -16 64 25 44 91 56 21 -45
-15 41 -86 -5 28 -16 54 -21 -11 -30 -1 2 25 13 8 87 -12 28 -49 -77 -94 63 -92 94 99 -11 -21 -35 -64 -19 28 48 -88 -10 88 -22 -37 24 95 67 -72 -60 20 52 -82 19 66 -45 -15 92 -2 -34 -68 -80 84 -25 62 63 -14 49 63 -23 35 30 98 -23 -12 -54 -35 43 -20 -9 -41 -12 -31 99 79 63 -89 68 81 -71 56 69 47 14 61 -59 -53 12 -37 65 -80 -44 -7 52 1 2 -79 -18
-77 41 -41 -99 66 97 -40 67 53 97 -10 -68 41 -62 29 -17 8 24 32 -60 -64 -32 36 64 25 -6 -27 29 85 -81 95 -37 -91 -88 77 7 7 -42 36 97 -24 -21 -24 46 -65 16 89 46 8 -85 -52 -55 -28 -39 -6 -73 -57 -100 59 -1 -55 2 20 56 92 -25 -66 81 -5 -20 -36 -56 52 -63 16 14 5 58 42 -73 -88 40 58 67 -33 31 63 -9 -61 -74 55 -81 12 46 -21 76 60 -68 79 -68
-33 -68 -48 -17 7 -63 63 -48 -91 -79 -27 -66 90 24 47 18 -79 48 -48 99 44 -51 25 -33 -81 -61 13 72 -38 27 21 47 -31 -23 -48 89 -35 -26 63 29 46 76 65 21 77 -41 -62 -4 -50 -1 62 -92 -100 -11 -61 -23 -12 8 -85 -2 58 -49 -85 -54 -63 -25 -94 -31 57 -74 17 -6 23 37 -78 -68 -31 -9 56 -70 -41 85 87 78 -100 -63 40 36 46 -40 -6 21 49 26 54 -6 49 -1 7 23
14 -82 -18 -95 15 -37 49 -69 -7 -68 -2 -87 -70 45 9 69 -78 89 95 48 -60 70 -77 -36 79 -59 -61 82 59 -100 -27 -3 38 -76 21 -18 -71 7 -56 0 86 41 -76 -59 46 -75 50 32 -90 2 17 -54 99 77 -88 33 71 -23 4 -53 -29 -15 -73 64 -48 -91 56 46 69 -97 -62 -10 92 59 93 -97 95 -59 -69 54 88 95 58 14 -62 50 -23 -10 20 -18 71 30 34 56 27 -81 83 -44 -18 -22
74 -56 -72 -89 32 -22 -30 -11 -73 -90 -24 12 17 19 77 43 89 -96 -70 25 -4 75 61 -72 -39 58 10 38 39 -1 -27 52 64 38 30 21 -47 -64 -31 -54 -58 94 -11 -28 -31 45 97 -69 -8 79 -22 -57 73 -100 -43 76 -58 29 32 8 -47 68 -9 17 91 15 81 -89 5 -43 73 81 48 -28 -6 57 -26 -32 30 -42 -40 13 86 -77 69 -28 10 -97 -46 38 74 25 -87 -90 -97 -18 6 -68 -60 95
98 17 -8 5 5 -53 -59 9 69 15 53 -24 -52 57 -90 -14 38 -63 90 -52 -83 -70 -84 -33 16 -65 -84 44 -1 -66 -75 -17 34 10 81 -57 -41 20 65 -97 81 6 -54 -67 -80 31 -27 89 -30 94 91 -20 -4 50 -46 -62 -7 60 16 -96 -19 90 -2 -41 37 58 13 -16 15 89 88 43 -48 83 65 50 -92 49 -85 -55 -50 -50 -52 5 -92 -18 95 45 -66 -95 41 -47 -9 45 -32 -82 55 -25 -52 3
-92 71 85 -43 -75 16 -58 60 56 -94 45 92 -49 -2 -63 89 22 -44 64 -4 28 -8 90 89 -30 92 0 -46 -52 -83 51 -16 -86 -27 87 40 61 -84 -19 -57 64 -19 51 78 -68 -32 -66 70 2 28 -72 -66 -97 13 72 -39 33 63 -34 5 65 -2 6 -20 -71 -30 41 39 -67 -78 -89 52 -91 53 30 1 -63 -73 -88 -43 53 -83 -94 -71 -65 93 -8 -7 -95 96 -25 4 4 -18 -69 -70 -11 -73 -85 48
96 79 -27 87 -45 -18 35 38 5 -90 -69 -91 16 74 -49 47 -54 -34 67 -99 14 -16 54 -44 79 -67 67 35 -39 36 -74 95 -49 -57 -72 -58 33 -84 22 -36 -58 3 12 55 57 40 39 -40 -12 -37 -98 0 -93 -50 -28 94 -94 43 65 81 -75 -68 72 -43 60 65 78 3 86 -49 -38 -94 73 49 -36 -8 26 62 19 39 76 -90 -88 -3 95 58 -92 70 46 -67 -7 -88 0 74 82 -29 -38 -1 -6 -9
-14 -56 -98 -20 -64 -53 -75 86 -18 -34 -70 41 88 70 77 92 -73 -7 81 -85 90 -6 -12 -14 -65 -72 -27 83 -92 -57 -73 88 -79 -63 75 64 59 -12 94 -6 60 18 -21 30 -32 -44 -65 -98 40 53 -42 79 -62 -60 89 -67 -79 24 -72 -62 -78 72 94 -38 -48 -24 -43 41 58 84 42 90 32 -95 27 -62 -42 30 -25 -8 -8 62 -85 52 25 66 91 -75 -66 -38 45 -61 -44 50 -61 59 47 -15 34 65
36 -4 -14 -79 68 87 -98 5 12 -57 85 12 92 -40 5 -75 28 98 2 -40 -44 53 -90 -44 3 93 20 -84 75 24 72 56 64 95 88 27 10 91 82 -74 19 -9 14 26 85 39 -8 44 11 -85 59 93 89 -41 -49 93 -77 16 -25 -64 -46 -32 94 81 -42 -30 -76 -27 -52 -42 -5 -56 38 37 75 -10 -35 25 -56 -2 91 -20 80 -52 53 5 91 -96 -41 3 -43 57 -54 -62 21 -26 -28 -69 21 65
31 -84 40 -56 -82 9 -68 -5 53 27 -17 44 48 7 31 -46 97 -31 -72 79 -3 45 70 -67 65 61 79 -20 59 -61 -10 -27 36 48 53 96 -81 -97 39 2 34 97 -30 7 -79 -21 96 -41 49 -77 16 -31 43 -83 -41 10 -99 13 -27 59 -77 -86 -4 83 -47 -84 -74 77 -55 -56 49 -69 33 -31 81 4 57 -22 -70 -96 -84 2 86 54 -68 -47 9 44 -2 -91 11 -10 49 88 31 -62 97 -65 15 -48
-81 -67 19 -93 85 -36 -16 91 -4 55 90 22 46 82 53 -10 -81 -27 -6 -88 12 55 96 -55 24 -8 48 90 -28 91 -43 14 74 -69 3 77 57 56 57 -25 10 28 91 85 -80 11 -1 18 61 33 -61 90 -20 -24 -32 -19 20 -36 -19 -28 -70 -97 85 79 68 48 96 -87 -5 61 -47 -48 -12 87 87 10 91 -4 28 3 18 80 51 -39 -36 76 32 7 -13 61 83 -29 28 67 96 -41 21 22 -95 -15
69 7 51 -22 84 -20 67 62 -8 52 -85 6 72 13 -31 72 25 61 74 71 61 -62 76 68 -39 58 37 -94 -74 -35 16 92 -24 16 -61 -67 66 -43 -19 61 -74 -97 83 -17 82 -64 -49 -95 -43 90 -15 -46 -99 -8 20 -91 34 93 -86 58 -95 96 -78 14 -85 23 5 -6 50 99 -33 6 13 67 -69 -70 -91 22 -95 -70 -21 -82 10 -31 98 30 -4 -55 81 -20 -2 25 79 52 -16 91 -23 -69 34 -9
-24 64 -23 10 -91 99 94 -70 74 96 -65 64 -32 49 -77 90 47 19 67 74 -48 -43 -37 13 5 -74 55 2 -21 -26 -1 -82 75 91 22 -29 -56 -69 -88 24 96 -24 -33 29 -98 67 -31 -68 -78 -21 -30 37 95 -50 12 -54 -30 -75 14 56 -99 29 -40 -100 12 -33 64 -2 32 54 -63 50 35 -49 24 88 38 -20 -2 -12 -65 56 -76 88 97 -22 25 -19 -68 11 -24 -86 -43 44 78 12 13 -68 -39 73
-21 -44 64 -75 37 56 -24 -4 -8 -30 24 39 -70 1 37 -43 15 -86 63 91 76 -37 84 -32 -76 29 40 -11 -3 -73 70 -75 -47 94 -77 -83 97 94 -19 91 -3 26 79 43 -5 -62 0 44 -77 55 2 47 56 -37 -21 -10 -83 60 -56 42 38 3 53 53 -27 -45 26 21 85 -40 -88 24 -61 35 28 60 19 -37 26 97 24 70 -4 38 -17 47 38 27 -73 -10 62 74 -100 2 -84 -14 -36 64 20 -4
-24 40 -100 97 -98 80 90 -46 37 -93 -80 26 98 -81 48 -14 6 -89 60 -71 97 56 43 -60 40 -79 29 21 -24 -80 -63 76 -90 -68 56 -79 98 -76 -79 -51 79 44 -27 54 -37 93 -15 -34 92 30 52 -84 87 -59 -45 19 -20 -14 -69 1 83 -40 29 1 94 10 -97 -8 90 73 -42 -76 52 9 51 -28 -61 97 32 78 -61 0 58 -17 -15 24 -40 92 10 45 0 34 56 42 -16 67 -13 98 84 87
39 47 -25 -38 32 71 91 -12 -42 -20 77 -17 81 43 -16 -92 63 82 -26 42 -13 -30 -30 24 65 60 27 66 8 67 -28 59 -38 64 20 -39 -100 65 71 -80 -47 68 51 24 21 84 86 -42 -15 -99 10 -94 66 94 -88 -99 78 -55 90 -26 64 -5 87 4 0 -62 53 33 40 70 -95 -33 -97 92 -90 -50 89 -100 -88 67 42 93 -34 -22 7 0 -66 41 -16 -55 48 -89 -89 65 35 -67 -86 12 -98 66
-51 92 -25 6 6 -97 -10 13 43 -62 -51 -82 -70 -11 37 -23 13 37 -84 58 -27 -98 -92 -14 7 -35 -14 94 -63 51 67 31 59 57 39 -54 -1 96 -96 -81 -58 55 44 -60 -48 -36 -81 -20 -32 26 -66 -34 40 36 94 71 20 19 -24 -44 -49 83 -7 -34 75 -98 39 -22 -18 -42 40 -15 -87 -25 -80 -69 32 -39 -28 -24 -92 -4 -59 7 -96 -63 38 8 -94 -89 -75 -89 98 2 38 -9 68 -18 -59 0
-38 83 11 65 -37 -24 60 30 -29 7 -12 -50 -24 70 -24 -41 -10 86 -60 -70 77 -39 4 -86 -51 -3 -8 17 19 -92 31 -3 94 9 -54 95 36 -33 60 -16 54 7 -100 -81 -53 -15 91 -73 83 -18 78 64 15 31 -64 7 26 -21 11 78 37 26 -52 -5 64 -92 18 77 -58 -5 25 -44 -23 -82 -49 77 -67 -22 59 88 -93 25 -49 99 68 83 12 -35 38 91 -95 -1 -34 -56 16 64 71 87 -54 61
-85 -61 -24 -50 2 29 73 -2 -45 -19 -87 13 -85 26 17 10 81 -6 -33 -63 56 3 58 -19 74 61 -100 65 53 31 97 -39 22 24 7 -55 -98 -92 -85 -84 23 43 -24 -43 -28 61 -31 -70 2 -51 81 60 -60 82 -36 64 8 -47 14 -93 23 8 9 -16 13 2 79 49 97 -60 46 -61 -78 3 16 -8 -64 70 75 40 60 95 52 -74 -16 -30 -40 72 66 21 -44 -80 25 20 27 -82 47 14 -97 -41
4 -57 -51 75 37 1 -22 43 24 -14 23 -94 69 78 -70 48 -26 45 33 -51 46 52 5 -24 -80 -89 95 -35 12 -58 7 41 -38 -54 80 -26 -53 -40 -42 -31 31 16 77 68 18 11 5 91 -8 -16 -49 -5 -24 -63 30 -3 50 35 52 86 -87 -51 29 -23 91 55 -62 59 -85 -22 25 42 -37 -63 16 3 28 -25 76 -25 -82 -46 -97 -85 -80 73 -35 93 -80 66 -87 64 60 64 -77 -50 -6 87 79 52
-95 -66 67 -50 14 -44 -8 -9 -2 76 -84 51 5 -82 -97 85 -62 -65 75 -89 -8 -55 9 95 56 68 82 3 -6 -1 9 72 -38 42 84 95 -94 98 9 14 -99 -90 -32 0 -15 -59 97 33 84 -9 27 68 -53 57 -11 80 -44 -70 -62 -30 -2 -47 -11 -4 52 89 -82 -75 -4 89 71 17 -74 -98 2 30 -79 -8 -21 -40 61 -95 63 -38 -9 56 32 -6 69 94 -43 68 86 -52 -6 69 59 98 67 36
68 -25 -52 -22 -23 19 -8 6 -58 86 86 91 -86 -24 29 -83 -7 46 -97 2 -4 -9 -97 78 44 -77 -74 16 67 -70 -12 29 -40 -39 -87 -86 62 -46 -34 -24 -59 -22 -6 -46 -31 -52 -79 26 27 -11 -25 -29 -21 82 -6 43 -76 3 -17 34 7 55 11 -42 -80 -88 97 -78 -39 -81 -75 -89 24 12 -99 -59 -51 86 24 -90 17 -24 -30 38 -45 -93 37 60 86 -62 -27 -50 -24 -79 -25 -65 -20 82 -27 5
99 88 0 -75 68 -30 62 -19 61 -54 72 74 28 39 -29 -23 8 10 5 30 94 57 82 14 53 14 -85 -36 20 -91 -50 -30 93 -31 65 -6 -22 96 -54 -81 93 -50 17 -49 -21 69 -99 -76 45 -37 -61 -18 49 -52 -55 -74 12 8 -75 98 91 2 67 -99 14 -86 -53 68 -66 -7 -84 -57 -5 -31 -77 -12 -44 94 -40 32 0 8 61 0 13 5 78 48 -74 75 -58 -96 -83 50 33 -28 -66 81 12 -31
-89 -31 16 16 40 -62 35 70 95 46 -57 19 -71 -68 -62 30 -63 -73 -35 -97 -46 76 14 -83 -86 -94 37 -15 -32 43 76 -57 -81 -28 -25 -56 -11 6 87 -24 -98 64 -80 14 -8 84 -69 84 -43 -33 44 60 -82 -47 -22 -60 -44 -78 -7 -75 64 -90 -47 -68 -89 81 -53 -1 84 -81 -52 -100 94 83 -59 -46 18 -74 -80 -1 -85 70 -98 24 82 -77 25 -22 -29 -1 -58 -5 -12 86 -47 27 -15 -2 -24 2
86 -21 -87 66 -97 -50 -52 39 59 -47 63 -49 -70 61 74 70 -28 -17 43 68 -70 -92 73 22 60 -4 -93 89 21 33 62 55 -84 21 78 -85 51 -41 6 84 59 -19 78 28 77 -66 -32 55 -65 -78 -49 42 -13 -76 -20 47 -38 -50 25 90 -12 23 -97 76 -55 84 -14 -24 -72 91 -13 99 -25 -37 -14 17 -1 85 -36 -39 96 87 82 -33 22 55 46 -94 81 -5 28 -80 72 -2 -68 17 92 -10 -13 74
-97 -40 61 -57 95 24 -97 84 76 86 -71 82 35 76 70 -17 -50 -14 12 -37 39 72 25 -67 69 89 -17 -81 87 49 0 96 9 -68 -51 -38 -95 7 14 4 9 49 58 76 -79 -100 59 17 -75 -69 -20 -64 -60 28 -9 -32 59 13 73 -95 62 -91 77 -36 -58 41 -22 -30 -30 44 72 -8 97 -68 71 41 52 -4 5 14 -73 -90 -44 62 43 -2 88 66 48 66 37 6 32 -97 98 -7 -73 -13 -86 -32
-97 -96 -83 37 66 -92 76 63 -41 91 -44 82 -29 20 -41 -15 18 -41 -57 -38 -9 73 -51 -17 -23 -34 -71 -5 -51 -62 8 -24 -90 -55 66 -58 -46 -46 -62 -33 75 -89 -93 -31 76 -41 55 68 -25 -73 42 20 -77 99 44 -22 -73 77 46 18 -66 32 0 31 -26 -14 61 77 78 -98 -23 -47 31 -94 -60 34 -4 98 -91 -68 -33 -45 78 -18 -24 14 -96 56 -77 62 -44 39 28 -45 51 -65 16 11 7 93
99 -13 -61 24 -46 86 33 -45 3 26 -71 -7 50 -72 14 63 -75 23 39 7 30 -57 36 66 81 32 -92 85 -8 18 -17 27 -68 61 -92 -82 39 -89 -39 70 13 7 10 43 80 23 68 6 59 42 -76 68 -58 -2 82 -91 55 76 -28 -57 79 93 -52 -3 49 -52 -35 -60 -3 59 54 44 67 26 -100 53 -51 -2 -46 33 -70 -10 34 -70 69 49 1 -82 -14 58 7 15 63 90 99 74 -94 -76 -53 -23
79 75 -43 -78 18 92 -24 -73 -50 37 -95 0 -4 -6 14 80 -18 51 -13 -36 -81 77 -85 3 37 -76 4 90 48 -44 -46 81 -5 34 5 -35 44 0 65 28 -42 -32 96 87 -33 70 77 -60 62 98 -73 -83 7 -45 -86 77 -39 62 -39 -21 -83 88 -27 36 -70 -9 55 -30 -88 -87 8 13 30 -42 23 -66 53 61 79 -5 -3 91 15 4 -41 43 40 -94 8 -41 -36 -69 -79 -60 -42 19 27 81 -74 -94
-7 1 67 -8 -64 38 37 -82 56 -31 45 59 -89 9 -25 -30 -94 -24 -20 73 -16 99 95 -16 -22 -97 44 -8 -88 39 -10 -78 -72 -40 -35 45 31 -6 -54 98 -64 -49 -30 99 -35 65 12 -75 28 -50 50 46 -58 -4 -82 18 34 -77 -70 13 50 -67 88 44 61 -33 -64 32 -55 95 -1 63 -51 10 -3 -54 -33 15 62 -57 -43 -73 49 91 21 -9 -34 -23 -64 30 50 96 -36 67 -60 -86 82 -85 -30 -49
-45 -73 20 50 74 -28 -90 61 72 -98 -21 -76 13 -51 -6 -3 -74 55 -55 13 61 15 14 1 -29 -43 73 4 -4 93 94 28 78 8 -71 12 98 -68 -24 92 -15 55 7 27 29 -88 42 -60 -17 -26 -36 -84 78 86 -82 -38 38 -72 -71 24 27 51 -92 -33 -81 37 -5 64 -64 -61 64 8 -15 45 -93 40 -83 -14 92 71 42 18 -51 -13 11 -27 17 57 75 63 88 -19 8 -67 81 89 -2 9 76 -64
-23 70 52 12 97 -98 -73 74 45 -75 -98 97 -66 41 26 -74 -28 26 -67 36 -27 -28 -82 -82 64 23 -81 32 8 -25 89 53 -9 32 -68 57 77 95 -15 30 -17 17 59 -86 34 -11 36 81 -90 58 81 92 93 96 46 -91 89 53 66 2 -7 -73 -85 58 26 -28 15 93 79 -57 81 -99 81 75 -9 84 76 -57 16 68 73 37 51 -20 99 -60 -95 -55 13 -56 46 61 -98 -75 -5 56 -18 -75 64 79
36 88 31 -1 -47 82 37 25 -51 -69 55 49 63 84 -83 26 -24 -26 -30 -56 -36 46 -63 44 -7 46 -13 -95 -61 -93 21 -69 -30 -88 -36 11 68 47 36 50 38 -35 -86 -39 -85 -93 -50 15 9 -61 53 -20 20 -63 -1 8 37 -32 -80 8 64 -10 -91 13 -19 56 99 60 98 -62 -15 67 23 44 -67 42 -43 89 13 20 53 -68 73 56 84 -56 95 -56 -98 -59 1 -40 67 -89 21 -62 47 14 17 -36
2 -48 -78 80 84 -65 71 -76 77 -64 94 33 -26 10 -72 -33 52 -9 -18 -15 -33 -1 78 32 80 71 -87 -4 82 55 89 -40 79 46 -7 -97 -69 55 36 -49 -49 69 45 -81 -7 1 -5 -26 28 -18 -32 5 96 5 -60 -17 -90 67 -4 4 27 -82 -43 91 97 93 -85 61 1 92 32 -47 -21 18 -38 67 -52 -60 -46 11 4 -77 20 82 8 75 18 18 -39 -63 -29 62 78 -47 12 -42 -52 36 20 -79
-37 37 -85 -99 80 -27 53 57 -58 83 -46 14 77 7 8 -4 -5 42 -84 -92 88 -66 -99 -33 13 -9 -94 35 -55 -5 46 -5 5 -72 39 -11 -96 -56 -41 48 -40 59 -89 0 3 -82 -21 -66 31 -20 53 24 -48 67 17 23 55 -53 -27 45 68 0 -34 -97 45 15 -86 6 11 -81 -77 97 67 -91 93 -56 52 -70 -83 46 89 69 3 68 28 -48 56 -56 1 -64 86 36 -96 6 50 79 -100 32 -10 -23
-75 -27 -67 -80 67 12 -47 2 -70 -65 -48 -99 -35 -48 44 76 -17 -7 69 21 67 -57 -38 -46 -47 -11 -82 -1 -52 81 60 36 -94 -12 -90 -46 92 50 71 16 84 61 -7 -16 -84 50 70 8 -22 -52 71 53 -97 1 17 -85 -41 15 34 -80 69 -4 37 67 -12 -68 92 51 36 29 0 93 -17 -67 -73 98 51 -86 23 60 -39 2 60 89 19 -6 -42 -78 59 58 -52 10 -46 -42 79 -27 -10 -84 -69 37
76 20 -10 21 -48 21 -97 -47 93 38 25 -82 -91 -65 95 31 86 -82 -21 18 84 -77 -2 96 45 35 37 13 68 -16 -41 -4 -47 -82 76 26 2 18 12 61 52 -35 -9 -56 35 -4 -94 38 72 -24 86 79 83 33 72 15 48 52 46 92 46 -26 -4 97 -86 8 -32 -47 -26 -94 -38 97 -14 86 -98 63 39 -41 19 73 59 34 -18 -6 92 47 -51 65 28 82 89 19 -16 -80 -6 33 99 99 18 -94
-58 51 74 -68 -34 77 47 -8 -47 2 34 74 22 -56 -22 -68 46 -33 -48 67 25 -54 88 83 51 -92 -55 95 -43 -83 -26 -29 82 12 31 71 28 -28 -37 95 57 -35 71 -47 -7 -80 29 9 -38 84 47 51 -95 -100 30 -25 20 2 1 -17 38 11 59 15 -18 -28 89 92 -47 18 -18 83 23 76 10 -40 31 9 35 -12 76 93 -28 -40 -7 -29 -19 -69 87 39 47 -43 -33 -34 -90 -71 30 6 63 -29
47 88 33 -89 -40 -13 -64 -78 31 54 -43 20 -38 11 21 -12 -89 -43 39 18 -92 25 -98 41 -53 45 74 87 -65 -97 -81 15 14 84 -79 -4 -23 -29 62 -61 8 73 -87 -3 -70 -93 71 36 75 -54 -91 -30 56 -56 -87 7 10 10 -16 94 -9 96 -1 98 -1 -42 -53 -47 97 30 83 19 76 -60 85 28 -3 42 20 65 26 98 -59 21 -11 65 33 79 -99 -68 95 55 -81 0 19 -79 4 89 27 37
-21 -44 68 -80 19 20 -49 -54 -73 -86 13 89 -87 -16 39 95 -6 -14 -2 3 -44 7 85 -19 -48 -89 15 83 86 -47 86 60 45 -64 -8 -97 -72 -20 -90 85 -74 72 35 22 -27 96 11 41 22 -39 -10 86 -97 40 -67 18 45 87 61 25 -75 15 -92 96 -9 68 -95 -29 -74 -4 11 45 -29 2 24 -93 -48 7 9 -88 -45 54 -16 61 0 5 14 -72 69 88 28 12 -64 19 53 -100 31 83 88 -35
-6 14 -81 91 -36 -33 32 29 -98 59 98 6 60 14 -15 37 10 75 -35 34 -66 40 11 -92 47 81 -25 92 -43 -87 72 -68 -16 -67 11 -48 5 86 -32 -6 95 81 -46 -68 93 7 -37 88 9 -71 26 -83 -22 -93 30 -49 36 69 88 42 25 4 -40 7 86 -37 15 64 89 -64 -77 32 -36 70 85 -60 -29 72 48 23 -23 -11 68 -86 -77 85 40 -9 -43 -54 11 67 69 -2 16 21 -51 -57 -75 -65
-3 -78 -2 -29 98 79 40 -29 58 -1 13 88 -61 -90 96 78 17 70 -50 -100 -49 -68 38 -59 -17 75 30 62 36 -82 80 31 -23 -14 -60 -88 20 11 55 -95 -46 -66 27 -83 53 -87 6 39 66 0 26 -44 -10 56 98 90 -3 40 -51 30 10 -29 -31 -39 -53 -40 -90 61 29 10 38 -2 62 8 -98 43 -22 76 -45 83 77 24 -18 -76 68 -80 -86 19 -59 64 -91 11 -35 7 -95 74 -93 -81 5 21
-15 21 75 -19 18 1 -41 39 -38 -81 -76 -64 14 -46 -8 51 -44 -94 -22 59 -73 -69 -82 67 50 -32 -95 -95 72 83 -38 21 -20 -26 85 -57 51 76 69 84 79 12 -24 63 34 -73 -77 30 -24 19 -76 69 -9 -10 12 99 79 10 -73 -32 -4 -28 58 -34 77 79 76 3 48 96 -61 -100 -70 -31 62 80 18 -1 -59 4 -73 -20 87 58 57 82 48 52 74 71 83 -30 -67 -2 54 7 51 0 -62 42
26 88 45 47 -58 48 72 -2 -70 -33 -7 -94 -99 -93 -98 40 -96 -84 -21 68 42 69 29 48 -46 97 -2 -68 3 89 34 -48 -24 3 -74 -7 -88 54 -45 -39 -47 -44 -51 59 37 -27 -86 20 38 -19 -58 -1 4 55 61 -20 3 38 49 78 70 -48 87 -2 82 13 24 -96 56 30 70 84 -22 27 -3 -62 -91 -58 24 8 -34 -38 -99 -50 94 -4 -93 -34 -87 31 -8 -12 -61 -5 -81 -93 0 -96 -85 71
-19 27 12 19 95 -66 22 -58 -4 -67 57 -81 16 -76 -84 40 -66 50 -11 33 99 65 32 -26 -47 -93 8 -10 42 -44 18 -95 79 81 -62 90 97 -98 -55 -2 -77 34 21 -14 -7 82 47 -86 64 18 -18 49 -15 -30 -47 12 68 -29 77 -59 -23 -12 -56 62 -98 -44 -1 91 -67 -38 -49 97 39 -89 42 -57 -10 96 -91 41 -78 3 -43 -50 39 51 71 -11 87 -57 45 -53 1 -57 -56 -85 -31 98 -56 -6
-56 4 93 85 -27 92 71 85 29 47 93 -52 47 -39 40 -95 -68 -73 -54 -6 -24 60 -4 19 55 64 -87 71 -41 66 11 40 20 39 -50 51 -91 13 -95 -36 13 1 -64 19 -80 -93 -98 32 -93 80 -42 -21 59 -95 -24 -49 -55 23 -39 -35 -91 21 -50 -96 -93 56 -48 -12 56 -8 -19 -10 -49 45 18 93 -3 60 87 -28 -5 -71 57 48 -59 -43 -73 -92 7 -54 -59 6 12 -11 58 -5 -75 32 37 33
9 -37 80 -32 86 -19 44 -90 -87 22 80 -79 -42 -69 6 -81 -57 22 -99 69 -8 -32 -62 65 -46 74 -99 -45 20 -79 85 -30 62 -65 90 27 -68 -87 23 52 -29 -48 93 -8 -88 77 -62 26 31 -68 32 -19 -24 -61 -60 -33 34 -58 39 -38 48 -23 58 -74 3 -36 -43 45 -42 -83 76 -33 73 -70 84 -14 -25 28 18 -24 87 43 50 -46 -99 -86 -88 -2 -28 -89 11 25 -59 69 91 71 -19 -30 -43 30
-92 23 24 36 22 -3 -60 47 -16 -11 -78 -13 87 -74 20 51 -37 83 -50 49 -73 8 -22 28 -9 -59 -17 -50 -37 -34 69 6 -84 -32 -14 -50 31 0 -12 -29 92 -48 82 -49 52 6 9 -20 18 -1 -12 12 6 68 -21 -20 95 -57 -3 -29 -38 -78 -57 70 61 21 -27 -59 78 -78 45 63 -77 -33 -16 12 36 74 84 96 34 53 -15 -93 29 -24 49 -85 79 56 -93 -47 -87 13 -100 83 -32 -24 -17 30
40 -53 -40 -67 -39 1 -40 -50 -8 -28 -2 -98 86 -71 81 96 -65 -23 30 86 56 1 -95 71 -11 54 97 95 56 -98 -37 -14 -60 -47 -99 29 -66 -69 -25 76 -57 -84 -34 -78 20 78 48 -46 42 40 40 -42 -23 -89 74 -65 18 -55 94 10 3 -72 58 60 41 -45 68 63 20 45 -43 -17 94 61 -12 78 24 14 -72 15 -10 -78 -43 87 58 9 -77 88 -17 48 -73 70 -15 47 -29 27 78 -100 76 -85
2 2 -69 64 1 2 -6 42 9 74 57 22 -86 97 20 18 20 -71 30 -34 12 -4 -40 -90 -30 -19 -54 -97 53 52 41 -4 -74 -45 -43 29 -65 -89 -54 89 58 44 -83 -7 -41 34 45 51 -65 47 77 -100 -94 25 -23 2 -81 -60 -39 -81 61 -29 -65 -34 72 99 -73 15 -50 53 -3 83 1 0 -88 18 69 75 -8 52 -51 -56 -83 7 59 49 62 -25 9 -60 -16 42 9 23 -6 27 -55 98 29 -24
-32 70 33 99 24 55 -43 50 -48 36 92 -12 99 -92 25 32 88 -19 -45 49 75 -16 -42 65 -33 22 28 -25 4 92 67 7 97 -87 31 24 52 -96 -62 62 88 -25 40 62 -83 83 -36 10 26 62 -8 56 55 89 -31 -35 0 -100 -10 -20 -36 -44 69 56 -31 38 -15 82 -2 -67 49 -7 50 -55 12 -46 12 -39 -58 92 58 -84 -82 -49 5 -16 -55 -62 -51 -47 45 14 -10 -1 7 88 82 49 -33 83
54 82 -19 -75 -79 20 11 -97 -78 -79 86 50 28 6 60 -98 -96 25 -44 50 -85 -98 56 -30 -98 -72 18 -71 9 -38 -34 39 -82 48 38 -49 -72 -71 -43 32 33 35 -67 43 -29 -59 -90 -18 20 69 49 -35 -100 38 22 66 -68 -46 -41 40 46 -20 86 -25 36 -2 19 78 -57 -70 38 94 -33 -71 -33 -26 16 -43 -15 16 80 43 -64 -75 -23 81 -74 -44 -81 21 -57 -58 -9 -43 -91 43 52 -26 -47 -82
18 83 92 -44 85 -62 22 0 64 2 21 78 -77 -74 -57 18 47 -92 36 60 -54 71 -8 -22 -95 -30 91 43 66 -18 -49 -43 22 65 -77 61 37 -21 32 -59 -42 68 92 91 77 75 60 88 11 19 -68 66 21 -100 64 54 -61 59 98 -44 13 -79 -73 -45 64 86 -54 -96 -53 0 -31 -77 5 33 -77 90 -87 45 53 12 -9 28 29 -23 -10 -12 -13 88 -35 -93 -53 -48 22 -70 -45 -46 -73 -97 65 -87
44 -20 99 83 -100 37 80 54 -87 -19 -65 -87 -75 -13 24 -71 90 -48 -4 35 -29 68 -97 -13 85 4 5 -65 51 -99 -2 -11 -26 69 -66 -3 -63 37 2 64 73 4 -5 -38 -95 49 42 85 74 70 -22 -49 64 11 -91 18 -55 25 -6 -1 25 -61 -51 10 -6 -64 -70 43 51 -3 -28 -53 -32 -55 55 -63 46 -35 38 10 -26 72 94 -14 -31 -32 41 67 10 7 -38 -86 -100 41 -20 -34 -97 -2 -81 -10
-72 4 37 16 -99 -98 69 41 -71 7 -75 -54 94 -18 62 -59 -5 38 -7 -26 -67 25 -86 83 60 87 -99 -77 13 -64 -89 92 -25 -33 73 64 -64 41 22 3 53 23 -97 -4 -37 -21 -61 20 -34 -48 11 -76 -97 -60 46 -69 -39 -57 47 6 82 41 33 -53 87 0 -58 -63 -57 78 -6 0 -67 98 -11 -87 -77 -88 -87 -79 -69 -57 63 5 84 17 65 -25 -46 -65 -19 64 -89 -76 -7 73 91 2 -66 80
-43 48 -64 -39 58 -16 -98 -27 60 74 42 3 88 80 -55 -90 -11 -60 -29 -23 -15 -9 97 97 -22 -2 13 -49 -2 -64 -88 -3 -98 -34 -14 67 98 -8 -70 71 62 -12 -20 88 87 4 57 -22 -84 -2 18 -44 17 14 45 -35 38 -59 -37 -62 -78 -99 -11 -68 33 36 -72 -38 -13 84 -52 -39 59 63 -61 27 31 63 63 26 -23 -47 21 -5 53 14 -17 81 -70 -69 -93 38 -87 -76 -24 99 -24 8 33 -85
-51 15 -2 49 9 84 -59 -4 -43 -40 -65 51 0 -77 -43 -32 15 -29 -21 69 -22 -49 -3 -12 42 -49 26 3 45 21 -1 -56 64 -82 -83 -61 -66 50 -50 8 59 13 -25 -65 13 8 95 34 -87 -10 27 87 -51 -76 50 46 -10 -13 -29 -8 -39 -34 5 -100 56 -71 -84 38 66 -18 -12 -22 -28 69 -86 74 -13 -63 2 39 -5 -100 -37 89 -85 -16 -40 11 18 -63 67 -57 35 -15 -12 -28 35 -56 -7 43
74 5 6 -42 -40 92 92 11 -57 11 8 -24 88 -75 48 -29 -5 56 4 1 48 31 -80 -23 -5 45 -38 -69 67 -23 94 -64 -73 89 9 97 21 -46 61 -16 -87 25 -56 -97 -39 29 -30 -64 82 86 -11 37 -64 88 68 49 -79 -7 14 58 25 -31 -49 28 27 -93 93 -94 6 -44 -65 -99 -86 -20 75 45 14 -43 72 12 80 -8 -73 -77 43 -47 -26 21 -63 -87 -97 -65 -27 33 3 74 82 67 -56 -78
-91 18 64 -24 91 -4 -96 95 -80 74 -46 -21 -34 -5 -56 -13 48 -73 -30 -34 76 49 -57 41 -71 86 -67 98 -62 -59 64 -47 -30 88 -17 59 -23 21 -32 44 -61 24 55 85 -78 25 -24 -45 8 90 56 -34 -79 6 42 4 93 -46 -7 36 -44 -6 -51 -56 68 88 23 -86 24 -76 -84 10 -81 -32 2 -49 53 69 0 95 55 -67 -81 16 -59 -88 -85 -18 -10 24 69 72 -74 21 -30 72 -82 6 8 -83
93 88 -61 28 -78 20 -51 18 -10 -73 23 28 89 98 -7 -27 -62 -29 73 3 33 92 -74 -39 85 -10 -32 14 -8 94 44 16 46 4 -91 -65 21 -43 76 -71 -51 82 -93 44 -100 61 -82 14 -61 61 40 20 76 20 -2 6 -82 0 -37 6 -59 -74 98 -31 -47 -90 -13 18 -90 -74 -56 -54 62 -5 -41 78 -79 -7 87 97 12 48 33 -72 28 93 41 -53 -35 81 35 99 55 -46 45 25 71 22 58 -42
-32 -77 49 90 43 -86 -95 -99 -86 -19 53 -42 6 -66 -13 -93 33 39 -24 -55 54 31 -14 -34 -81 -100 -84 -10 -88 46 56 -31 39 57 -2 -48 66 -96 -89 33 -47 -82 -52 -5 90 -76 -57 -65 -97 -20 88 -47 -22 -10 82 -99 -30 -28 -12 42 30 30 47 80 33 38 -28 89 97 -91 -86 -35 16 98 30 36 29 -76 50 46 52 -93 -32 -12 -27 -67 58 -72 -53 -5 43 -10 -9 -41 -6 -98 9 32 14 -62